scan = "898-913,919-934,940-955,961-976"
orientations = [[-1, -1, 1], [0, 0, 2], [1, 1, 1], [2, 0, 0]]
hkl_in = [3.031127677370978, 12.31353345906843, 8.75104158816168]
hkl_out = [9.77805918769193, -8.402719849515048, 8.436553021703112]
twin_plane = [1, -1, 1]
sample_axis = [0, 1, 0]
final_size = 180
mp_max_weight = 1.0
mp_taper = 0.6
lattice_size = 0.4078
switch_peak_trigger = [0, 50]