diffractometer = "P10sixc"
data_dir = "cohere-test/data"
sample = "MC811_BETI_insitu_1"
energy = 8789.935884521246
del = 16.89999999999999
gam = 1.35
detdist = 1839
mu = 0.0
om = -0.029624999999999346
chi = 90.0
phi = 0.0
scanmot = "om"
scanmot_del = 0.01
detector = "e4m"
